#From wikipedia
#Constellation Name
#Star_Name (Bayer designation)| RA_hour | RA_minute | RA_second | Dec_degree | Dec_minute | Dec_second | Magnitude | Star_ID
#line_connections_by_Star_ID at end of each constellation
#
Andromeda:alpha_And 0 8 23 29 5 26 2.22 0:beta_And 1 9 44 35 37 14 2.05 2:gamma_And 2 3 54 42 19 47 2.26 3:delta_And 0 39 20 30 51 40 3.28 1:pi_And 0 36 53 33 43 10 4.36 4:mu_And 0 56 45 38 29 58 3.87 5:xi_And 1 22 20 45 31 44 4.9 7:fiftyone_And 1 37 60 48 37 42 3.57 6:0-1,1-2,2-3,0-4,4-5,5-6
Antlia:alpha_Ant 10 27 9 -31 -4 -4 4.28 1:epsilon_Ant 9 29 15 -35 -57 -5 4.51 0:iota_Ant 10 56 43 -37 -8 -15 4.6 2:0-1,1-2
Apus:alpha_Aps 14 47 52 -79 -2 -41 3.83 0:beta_Aps 16 43 5 -77 -30 -60 4.23 2:gamma_Aps 16 33 27 -78 -53 -49 3.86 3:delta_Aps 16 20 21 -78 -41 -44 4.68 1:0-1,1-2,2-3
Aquarius:alpha_Aqr 22 5 47 0 -19 -11 2.95 2:beta_Aqr 21 31 34 -5 -34 -16 2.9 1:gamma_Aqr 22 21 39 -1 -23 -15 3.86 3:delta_Aqr 22 54 39 -15 -49 -15 3.27 8:epsilon_Aqr 20 47 41 -9 -29 -45 3.78 0:lambda_Aqr 22 52 37 -7 -34 -47 3.73 6:eightyeight_Aqr 23 9 27 -21 -10 -21 3.68 9:zeta_Aqr 22 28 50 0 -1 -12 3.65 4:eta_Aqr 22 35 21 0 -7 -3 4.04 5:tau_Aqr 22 49 36 -13 -35 -33 4.05 7:0-1,1-2,2-3,3-4,4-5,5-6,6-7,7-8,8-9
Aquila:alpha_Aql 19 50 47 8 52 6 0.77 1:beta_Aql 19 55 19 6 24 29 3.71 0:gamma_Aql 19 46 16 10 36 48 2.72 2:delta_Aql 19 25 30 3 6 53 3.36 3:theta_Aql 20 11 18 0 -49 -17 3.24 4:lambda_Aql 19 6 15 -4 -52 -56 3.43 5:zeta_Aql 19 5 25 13 51 49 2.99 6:0-1,1-2,2-3,3-4,3-5,3-6
Ara:alpha_Ara 17 31 51 -49 -52 -34 2.84 0:beta_Ara 17 25 18 -55 -31 -47 2.84 1:gamma_Ara 17 25 24 -56 -22 -40 3.31 2:delta_Ara 17 31 6 -60 -41 -1 3.60 3:epsilon1_Ara 16 59 35 -53 -9 -38 4.06 4:zeta_Ara 16 58 37 -55 -59 -24 3.12 5:eta_Ara 16 49 47 -59 -2 -29 3.77 6:0-1,1-2,2-3,1-5,4-5,5-6
Aries:alpha_Ari 2 7 10 23 27 46 2.01 2:beta_Ari 1 54 38 20 48 30 2.64 1:gamma_Ari 1 53 32 19 17 39 3.88 0:delta_Ari 3 11 38 19 43 36 4.35 3:0-1,1-2,2-3
Auriga:alpha_Aur 5 16 41 45 59 57 0.08 0:beta_Aur 5 59 32 44 56 51 1.90 1:theta_Aur 5 59 43 37 12 46 2.65 2:beta_Tau 5 26 18 28 36 28 1.65 3:iota_Aur 4 56 60 33 9 58 2.69 4:epsilon_Aur 5 1 58 43 49 24 3.03 5:eta_Aur 5 6 31 41 14 5 3.18 6:0-1,1-2,2-3,3-4,4-5,5-0
Bootes:Arcturus 14 15 40 19 11 14 -0.05 0:epsilon_Boo 14 44 59 27 4 27 2.35 1:delta_Boo 15 15 30 33 18 54 3.46 2:beta_Boo 15 1 57 40 23 26 3.49 3:gamma_Boo 14 32 5 38 18 28 3.04 4:rho_Boo 14 31 50 30 22 16 3.57 5:eta_Boo 13 54 41 18 23 55 2.68 6:0-1,1-2,2-3,3-4,4-5,5-0,0-6
Caelum:gamma_Cae 5 4 24 -35 -28 -58 4.55 0:beta_Cae 4 42 3 -37 -8 -41 5.04 1:alpha_Cae 4 40 34 -41 -51 -49 4.44 2:delta_Cae 4 30 50 -44 -57 -14 5.07 3:0-1,1-2,2-3
Camelopardalis:CS_Cam 3 29 4 59 56 25 4.21 0:BE_Cam 3 49 31 65 31 34 4.39 1:alpha_Cam 4 54 3 66 20 34 4.26 2:beta_Cam 5 3 25 60 26 32 4.03 3:M_Cam 7 0 4 76 58 39 4.55 4:0-1,1-2,2-3,2-4
Cancer:alpha_Cnc 8 58 29 11 51 28 4.2 0:beta_Cnc 8 16 31 9 11 8 3.54 1:gamma_Cnc 8 43 17 21 28 7 4.66 3:delta_Cnc 8 44 41 18 9 15 3.94 2:iota_Cnc 8 46 42 28 45 36 4.02 4:0-2,1-2,2-3,3-4
Canes Venatici:alpha_CVn 12 56 2 38 19 6 2.89 0:beta_CVn 12 33 45 41 21 24 4.24 1:0-1
Canis Major:Sirius 6 45 9 -16 -42 -47 -1.46 1:beta_CMa 6 22 42 -17 -57 -21 1.98 0:omicron2_CMa 7 3 1 -23 -49 -60 3.02 2:delta_CMa 7 8 23 -26 -23 -36 1.83 3:epsilon_CMa 6 58 38 -28 -58 -20 1.5 4:eta_CMa 7 24 6 -29 -18 -11 2.45 5:0-1,1-2,2-3,3-4,3-5
Canis Minor:Procyon 7 39 19 5 13 39 0.34 0:beta_CMi 7 27 9 8 17 22 2.89 1:0-1
Capricornus:alpha1_Cap 20 17 39 -12 -30 -30 4.3 0:beta_Cap 20 21 1 -14 -46 -53 3.05 1:rho_Cap 20 28 52 -17 -48 -49 4.77 2:psi_Cap 20 46 6 -25 -16 -14 4.13 3:omega_Cap 20 51 49 -26 -55 -9 4.12 4:zeta_Cap 21 26 40 -22 -24 -41 3.77 5:epsilon_Cap 21 37 5 -19 -27 -58 4.51 6:delta_Cap 21 47 2 -16 -7 -36 2.85 7:gamma_Cap 21 40 5 -16 -39 -44 3.69 8:theta_Cap 21 5 57 -17 -13 -58 4.08 9:0-1,1-2,2-3,3-4,4-5,5-6,6-7,7-8,8-9,9-0
Carina:alpha_Car 6 23 57 -52 -41 -45 -0.72 0:epsilon_Car 8 22 31 -59 -30 -34 1.86 1:iota_Car 9 17 5 -59 -16 -31 2.21 2:PP_Car 10 32 1 -61 -41 -7 3.30 3:theta_Car 10 42 57 -64 -23 -40 2.74 4:omega_Car 10 13 44 -70 -2 -17 3.29 5:beta_Car 9 13 12 -69 -43 -3 1.67 6:upsilon_Car 9 47 6 -65 -4 -19 2.92 7:0-1,1-2,2-3,3-4,4-5,5-6,6-7,7-2
Cassiopeia:beta_Cas 0 9 10 59 9 1 2.28 0:alpha_Cas 0 40 30 56 32 15 2.24 1:gamma_Cas 0 56 43 60 43 0 2.15 2:delta_Cas 1 25 49 60 14 8 2.66 3:epsilon_Cas 1 54 24 63 40 13 3.35 4:0-1,1-2,2-3,3-4
Centaurus:alpha1_Cen 14 39 41 -60 -50 -7 -0.01 0:beta_Cen 14 3 49 -60 -22 -23 0.61 1:epsilon_Cen 13 39 53 -53 -27 -59 2.29 2:gamma_Cen 12 41 31 -48 -57 -36 2.20 3:delta_Cen 12 8 22 -50 -43 -21 2.58 4:zeta_Cen 13 55 32 -47 -17 -18 2.55 5:mu_Cen 13 49 37 -42 -28 -25 3.47 6:iota_Cen 13 20 36 -36 -42 -44 2.75 7:theta_Cen 14 6 41 -36 -22 -7 2.06 8:eta_Cen 14 35 30 -42 -9 -28 2.33 9:kappa_Cen 14 59 10 -42 -6 -15 3.13 10:0-1,1-2,2-3,3-4,2-5,5-6,6-7,6-8,8-9,9-10
Cepheus:eta_Cep 20 45 17 61 50 13 3.41 0:alpha_Cep 21 18 35 62 35 8 2.45 1:zeta_Cep 22 10 51 58 12 5 3.39 2:delta_Cep 22 29 10 58 24 55 4.07 3:iota_Cep 22 49 41 66 12 3 3.50 4:gamma_Cep 23 39 21 77 37 55 3.21 5:beta_Cep 21 28 40 70 33 39 3.23 6:0-1,1-2,2-3,3-4,4-5,5-6,6-1
Cetus:beta_Cet 0 43 35 -17 -59 -12 2.04 0:iota_Cet 0 19 26 -8 -49 -26 3.56 1:eta_Cet 1 8 35 -10 -10 -55 3.46 2:theta_Cet 1 24 1 -8 -10 -58 3.60 3:zeta_Cet 1 51 28 -10 -20 -6 3.74 4:tau_Cet 1 44 5 -15 -56 -22 3.49 5:upsilon_Cet 2 0 0 -21 -4 40 3.99 6:Mira_Cet 2 19 21 -2 -58 -37 3.04 7:M77_Cet 2 42 41 0 0 -48 5.99 8:gamma_Cet 2 43 18 3 14 10 3.47 9:alpha_Cet 3 2 17 4 5 24 2.54 10:lambda_Cet 2 59 43 8 54 27 4.71 11:mu_Cet 2 44 56 10 6 51 4.27 12:xi2_Cet 2 28 10 8 27 36 4.3 13:0-1,1-2,0-2,2-3,3-4,4-5,5-6,4-7,7-8,8-9,9-10,10-11,11-12,12-13,13-9
Chamaeleon:alpha_Cha 8 18 31 -76 -55 -12 4.05 0:gamma_Cha 10 35 28 -78 -36 -28 4.11 1:beta_Cha 12 18 21 -79 -18 -44 4.24 2:delta1_Cha 10 45 16 -80 -28 -10 5.46 3:theta_Cha 8 20 39 -77 -29 -5 4.34 4:0-1,1-2,2-3,3-4
Circinus:gamma_Cir 15 23 23 -59 -19 -15 4.48 0:alpha_Cir 14 42 31 -64 -58 -29 3.18 1:theta_Cir 14 56 44 -62 -46 -52 5.08 2:beta_Cir 15 17 31 -58 -48 -3 4.07 3:0-1,1-2,2-3
Columba:epsilon_Col 5 31 13 -35 -28 -14 3.86 0:alpha_Col 5 39 39 -34 -4 -27 2.65 1:beta_Col 5 50 58 -35 -46 -10 3.12 2:eta_Col 5 59 9 -42 -48 -54 3.96 3:delta_Col 6 22 7 -33 -26 -11 3.85 4:0-1,1-2,2-3,2-4
Coma Berenices:alpha_Com 13 9 60 17 31 45 4.32 0:beta_Com 13 11 53 27 52 34 4.23 1:gamma_Com 12 26 56 28 16 7 4.35 2:0-1,1-2
Corona Australis:epsilon_CrA 18 58 43 -37 -6 -26 4.83 0:gamma_CrA 19 6 25 -37 -3 -46 4.23 1:alpha_CrA 19 9 28 -37 -54 -15 4.11 2:beta_CrA 19 10 1 -39 -29 -27 4.10 3:delta_CrA 19 8 21 -40 -29 -48 4.57 4:zeta_CrA 19 3 7 -42 -5 -42 4.74 5:theta_CrA 18 33 30 -42 -18 -45 4.62 6:0-1,1-2,2-3,3-4,4-5,5-6
Corona Borealis:iota_CrB 16 1 27 29 51 4 4.98 0:epsilon_CrB 15 57 35 26 52 41 4.14 1:delta_CrB 15 49 36 26 4 7 4.59 2:gamma_CrB 15 42 45 26 17 44 3.81 3:alpha_CrB 15 34 41 26 42 54 2.22 4:beta_CrB 15 27 50 29 6 20 3.66 5:theta_CrB 15 32 56 31 21 33 4.14 6:0-1,1-2,2-3,3-4,4-5,5-6
Corvus:alpha_Crv 12 8 25 -24 -43 -44 4.02 0:epsilon_Crv 12 10 8 -22 -37 -11 3.02 1:gamma_Crv 12 15 48 -17 -32 -31 2.58 2:delta_Crv 12 29 52 -16 -30 -54 2.94 3:beta_Crv 12 34 23 -23 -23 -48 2.65 4:0-1,1-2,2-3,3-4,4-1
Crater:alpha_Crt 10 59 47 -18 -17 -57 4.08 0:beta_Crt 11 11 39 -22 -49 -32 4.46 1:gamma_Crt 11 24 53 -17 -41 -3 4.06 2:delta_Crt 11 19 21 -14 -46 -45 3.56 3:zeta_Crt 11 44 46 -18 -21 -2 4.71 4:eta_Crt 11 56 1 -17 -9 -3 5.17 5:epsilon_Crt 11 24 37 -10 -51 -34 4.81 6:theta_Crt 11 36 41 -9 -48 -8 4.70 7:0-1,1-2,2-3,3-0,2-4,4-5,3-6,6-7
Crux:alpha1_Cru 12 26 36 -63 -5 -57 1.4 0:beta_Cru 12 47 43 -59 -41 -19 1.25 1:gamma_Cru 12 31 10 -57 -6 -45 1.59 2:delta_Cru 12 15 9 -58 -44 -56 2.79 3:0-2,1-3
Cygnus:alpha_Cyg 20 41 26 45 16 49 1.25 0:gamma_Cyg 20 22 14 40 15 24 2.23 1:eta_Cyg 19 56 18 35 5 1 3.89 2:beta_Cyg 19 30 43 27 57 35 3.05 3:zeta_Cyg 21 12 56 30 13 38 3.21 4:epsilon_Cyg 20 46 12 33 58 10 2.48 5:delta_Cyg 19 44 58 45 7 51 2.86 6:iota_Cyg 19 29 42 51 43 46 3.76 7:kappa_Cyg 19 17 6 53 22 5 3.80 8:0-1,1-2,2-3,4-5,5-1,1-6,6-7,7-8
Delphinus:alpha_Del 20 39 38 15 54 43 3.77 0:gamma_Del 20 46 40 16 7 29 4.27 1:delta_Del 20 43 28 15 4 29 4.43 2:beta_Del 20 37 33 14 35 43 3.64 3:epsilon_Del 20 33 13 11 18 12 4.03 4:0-1,1-2,2-3,3-0,3-4
Dorado:gamma_Dor 4 16 1 -51 -29 -14 4.26 0:alpha_Dor 4 33 60 -55 -2 -42 3.30 1:zeta_Dor 5 5 31 -57 -28 -23 4.71 2:beta_Dor 5 33 38 -62 -29 -24 3.76 3:delta_Dor 5 44 46 -65 -44 -8 4.34 4:0-1,1-2,2-3,3-4
Draco:lambda_Dra 11 31 24 69 19 52 3.82 0:kappa_Dra 12 33 29 69 47 18 3.85 1:alpha_Dra 14 4 23 64 22 33 3.67 2:iota_Dra 15 24 56 58 57 58 3.29 3:theta_Dra 16 1 54 58 33 52 4.01 4:eta_Dra 16 23 60 61 30 51 2.73 5:zeta_Dra 17 8 47 65 42 53 3.17 6:chi_Dra 18 21 2 72 44 1 3.55 7:epsilon_Dra 19 48 10 70 16 4 3.84 8:delta_Dra 19 12 33 67 39 41 3.07 9:xi_Dra 17 53 32 56 52 21 3.73 10:nu_Dra 17 32 10 55 11 3 4.89 11:beta_Dra 17 30 26 52 18 5 2.79 12:gamma_Dra 17 56 37 51 29 20 2.24 13:0-1,1-2,2-3,3-4,4-5,5-6,6-7,7-8,8-9,9-10,10-11,11-12,12-13,13-10
Equuleus:alpha_Equ 21 15 49 5 14 53 3.92 0:delta_Equ 21 14 29 10 0 28 4.47 1:gamma_Equ 21 10 20 10 7 55 4.70 2:0-1,1-2
Eridanus:alpha_Eri 1 37 43 -57 -14 -12 0.45 0:chi_Eri 1 55 57 -51 -36 -35 3.69 1:kappa_Eri 2 26 59 -47 -42 -14 4.24 2:iota_Eri 2 40 40 -39 -51 -19 4.11 3:theta_Eri 2 58 16 -40 -18 -17 2.88 4:eightytwoG_Eri 3 19 53 -43 -4 -18 4.26 5:onetenG_Eri 3 37 6 -40 -16 -28 4.57 6:onethreeeightG_Eri 3 49 27 -36 -12 0 4.17 7:upsilon3_Eri 4 24 2 -34 -1 -1 3.97 8:upsilon1_Eri 4 33 31 -29 -45 -57 4.49 9:tau9_Eri 3 59 55 -24 0 -59 4.62 10:tau5_Eri 3 33 47 -21 -37 -58 4.26 11:tau3_Eri 3 2 24 -23 -37 -28 4.08 12:tau1_Eri 2 45 6 -18 -34 -22 4.47 13:eta_Eri 2 56 26 -8 -53 -51 3.89 14:zeta_Eri 3 15 50 -8 -49 -11 4.80 15:delta_Eri 3 43 15 -9 -45 -55 3.52 16:gamma_Eri 3 58 2 -13 -30 -30 2.97 17:xi_Eri 4 23 41 -3 -44 -43 5.17 18:mu_Eri 4 45 30 -3 -15 -17 4.01 19:beta_Eri 5 7 51 -5 -5 -11 2.78 20:lambda_Eri 5 9 9 -8 -45 -15 4.25 21:0-1,1-2,2-3,3-4,4-5,5-6,6-7,7-8,8-9,9-10,10-11,11-12,12-13,13-14,14-15,15-16,16-17,17-18,18-19,19-20,20-21
Fornax:alpha_For 3 12 4 -28 -59 -21 3.80 0:beta_For 2 49 5 -32 -24 -23 4.45 1:nu_For 2 4 29 -29 -17 -49 4.68 2:0-1,1-2
Gemini:xi_Gem 6 45 17 12 53 46 3.35 0:lambda_Gem 7 18 6 16 32 26 3.58 1:delta_Gem 7 20 7 21 58 56 3.50 2:zeta_Gem 7 4 7 20 34 13 4.01 3:gamma_Gem 6 37 43 16 23 58 1.93 4:upsilon_Gem 7 35 55 26 53 46 4.06 5:kappa_Gem 7 44 27 24 23 53 3.57 6:beta_Gem 7 45 19 28 1 35 1.16 7:iota_Gem 7 25 44 27 47 54 3.78 8:tau_Gem 7 11 8 30 14 43 4.41 9:alpha_Gem 7 34 36 31 53 19 1.58 10:theta_Gem 6 52 47 33 57 41 3.60 11:epsilon_Gem 6 43 56 25 7 52 3.06 12:nu_Gem 6 28 58 20 12 44 4.13 13:mu_Gem 6 22 58 22 30 50 2.87 14:eta_Gem 6 14 53 22 30 25 3.31 15:one_Gem 6 4 7 23 15 49 4.16 16:0-1,1-2,2-3,3-4,2-5,5-6,5-7,5-8,8-9,9-10,9-11,9-12,12-13,12-14,14-15,15-16
Grus:epsilon_Gru 22 48 33 -51 -19 0 3.49 0:beta_Gru 22 42 40 -46 -53 -4 2.07 1:delta1_Gru 22 29 16 -43 -29 -44 3.97 2:gamma_Gru 21 53 56 -37 -21 -53 3.00 3:alpha_Gru 22 8 14 -46 -57 -38 1.73 4:0-1,1-2,2-3,2-4
Hercules:omicron_Her 18 7 33 28 45 45 3.84 0:xi_Her 17 57 46 29 14 53 3.70 1:mu_Her 17 46 28 27 43 21 3.42 2:delta_Her 17 15 2 24 50 23 3.12 3:epsilon_Her 17 0 17 30 55 35 3.92 4:zeta_Her 16 41 17 31 36 7 2.81 5:beta_Her 16 30 13 21 29 23 2.78 6:gamma_Her 16 21 55 19 9 11 3.74 7:eta_Her 16 42 54 38 55 21 3.48 8:sigma_Her 16 34 6 42 26 13 4.20 9:tau_Her 16 19 44 46 18 48 3.91 10:pi_Her 17 15 3 36 48 33 3.16 11:rho_Her 17 23 41 37 8 45 4.15 12:theta_Her 17 56 15 37 15 2 3.86 13:0-1,1-2,2-3,3-4,4-5,5-6,6-7,5-8,8-9,9-10,8-11,11-4,11-12,12-13
Horologium:alpha_Hor 4 14 0 -42 -17 -38 3.85 0:iota_Hor 2 42 33 -50 -48 -3 5.4 1:eta_Hor 2 37 24 -52 -32 -35 5.30 2:zeta_Hor 2 40 40 -54 -32 -60 5.21 3:mu_Hor 3 3 37 -59 -44 -15 5.12 4:beta_Hor 2 58 48 -64 -4 -17 4.98 5:0-1,1-2,2-3,3-4,4-5
Hydra:pi_Hya 14 6 22 -26 -40 -55 3.25 0:gamma_Hya 13 18 55 -23 -10 -17 2.99 1:beta_Hya 11 52 55 -33 -54 -29 4.29 2:xi_Hya 11 33 0 -31 -51 -27 3.54 3:beta_Crt 11 11 39 -22 -49 -32 4.46 4:alpha_Crt 10 59 47 -18 -17 -57 4.08 5:nu_Hya 10 49 37 -16 -11 -39 3.11 6:mu_Hya 10 26 6 -16 -50 -10 3.83 7:lambda_Hya 10 10 35 -12 -21 -14 3.61 8:upsilon1_Hya 9 51 29 -14 -50 -48 4.11 9:alpha_Hya 9 27 35 -8 -39 -31 1.99 10:iota_Hya 9 39 51 -1 -8 -34 3.90 11:theta_Hya 9 14 22 2 18 54 3.89 12:zeta_Hya 8 55 24 5 56 44 3.11 13:epsilon_Hya 8 46 47 6 25 8 3.38 14:eta_Hya 8 43 13 3 23 55 4.30 15:0-1,1-2,2-3,3-4,4-5,5-6,6-7,7-8,8-9,9-10,10-11,11-12,12-13,13-14,14-15
Hydrus:alpha_Hyi 1 58 46 -61 -34 -12 2.86 0:delta_Hyi 2 21 45 -68 -39 -34 4.08 1:epsilon_Hyi 2 39 35 -68 -16 -1 4.12 2:gamma_Hyi 3 47 14 -74 -14 -21 3.26 3:beta_Hyi 0 25 39 -77 -15 -18 2.82 4:0-1,1-2,2-3,3-4
Indus:theta_Ind 21 19 52 -53 -26 -57 4.39 0:alpha_Ind 20 37 34 -47 -17 -30 3.11 1:beta_Ind 20 54 49 -58 -27 -15 3.67 2:delta_Ind 21 57 55 -54 -59 -33 4.40 3:0-1,0-2,0-3
Lacerta:beta_Lac 22 23 34 52 13 46 4.42 0:alpha_Lac 22 31 17 50 16 57 3.76 1:four_Lac 22 24 31 49 28 35 4.55 2:five_Lac 22 29 32 47 42 25 4.34 3:two_Lac 22 21 2 46 32 12 4.55 4:six_Lac 22 30 29 43 7 24 4.52 5:one_Lac 22 15 58 37 44 55 4.14 6:0-1,1-2,2-3,3-4,4-5,5-6
Leo:alpha_Leo 10 8 22 11 58 2 1.36 0:eta_Leo 10 7 20 16 45 46 3.48 1:theta_Leo 11 14 14 15 25 47 3.33 2:beta_Leo 11 49 4 14 34 20 2.14 3:delta_Leo 11 14 6 20 31 27 2.56 4:gamma_Leo 10 19 58 19 50 31 2.01 5:zeta_Leo 10 16 41 23 25 2 3.43 6:mu_Leo 9 52 46 26 0 26 3.88 7:epsilon_Leo 9 45 51 23 46 27 2.97 8:0-1,0-2,2-3,3-4,4-5,1-5,5-6,6-7,7-8
Leo Minor:fortysix_LMi 10 53 19 34 12 56 3.79 0:beta_LMi 10 27 53 36 42 27 4.20 1:twentyone_LMi 10 7 26 35 14 41 4.49 2:0-1,1-2
Lepus:eta_Lep 5 56 24 -14 -10 -5 3.71 0:zeta_Lep 5 46 57 -14 -49 -19 3.55 1:alpha_Lep 5 32 44 -17 -49 -20 2.58 2:beta_Lep 5 28 15 -20 -45 -33 2.81 3:gamma_Lep 5 44 28 -22 -26 -51 3.59 4:delta_Lep 5 51 19 -20 -52 -39 3.76 5:mu_Lep 5 12 56 -16 -12 -20 3.29 6:epsilon_Lep 5 5 28 -22 -22 -15 3.19 7:0-1,1-2,2-3,3-4,4-5,5-2,2-6,3-7
Libra:tau_Lib 15 38 39 -29 -46 -40 3.66 0:upsilon_Lib 15 37 1 -28 -8 -6 3.60 1:gamma_Lib 15 35 32 -14 -47 -22 3.91 2:beta_Lib 15 17 0 -9 -22 -58 2.61 3:alpha_Lib 14 50 53 -16 -2 -30 2.75 4:sigma_Lib 15 4 4 -25 -16 -55 3.25 5:0-1,1-2,2-3,3-4,4-5,2-4
Lupus:alpha_Lup 14 41 56 -47 -23 -17 2.30 0:zeta_Lup 15 12 17 -52 -5 -57 3.41 1:mu_Lup 15 18 32 -47 -52 -31 4.27 2:epsilon_Lup 15 22 41 -44 -41 -23 3.37 3:gamma_Lup 15 35 8 -41 -10 0 2.80 4:delta_Lup 15 21 22 -40 -38 -51 3.22 5:beta_Lup 14 58 32 -43 -8 -2 2.68 6:eta_Lup 16 0 7 -38 -23 -48 3.42 7:chi_Lup 15 50 58 -33 -37 -38 3.97 8:phi1_Lup 15 21 48 -36 -15 -40 3.57 9:0-1,1-2,2-3,3-4,4-5,5-6,1-7,4-7,7-8,8-9,7-9
Lynx:alpha_Lyn 9 21 3 34 23 33 3.14 0:thirtyeight_Lyn 9 18 51 36 48 10 3.82 1:thirtyone_Lyn 8 22 50 43 11 18 4.25 2:twoseven_Lyn 8 8 28 51 30 24 4.78 3:twoone_Lyn 7 26 43 49 12 42 4.61 4:fifteen_Lyn 6 57 17 58 25 23 4.35 5:two_Lyn 6 19 37 59 0 39 4.44 6:0-1,1-2,2-3,3-4,4-5,5-6
Lyra:epsilon2_Lyn 18 44 23 39 36 45 4.59 0:Vega 18 36 56 38 46 59 0.03 1:zeta_Lyn 18 44 46 37 36 18 4.34 2:beta_Lyn 18 50 5 33 21 46 3.52 3:gamma_Lyn 18 58 57 32 41 22 3.25 4:delta2_Lyn 18 54 30 36 53 55 4.22 5:0-1,1-2,2-3,3-4,4-5,5-2
Mensa:alpha_Men 6 10 14 -74 -45 -9 5.08 0:gamma_Men 5 31 53 -76 -20 -30 5.18 1:eta_Men 4 55 11 -74 -56 -13 5.47 2:beta_Men 5 2 43 -71 -18 -52 5.30 3:0-1,1-2,2-3
Microscopium:theta1_Mic 21 20 46 -40 -48 -34 4.80 0:epsilon_Mic 21 17 56 -32 -10 -21 4.71 1:gamma_Mic 21 1 17 -32 -15 -28 4.67 2:alpha_Mic 20 49 58 -33 -46 -47 4.89 3:0-1,1-2,2-3
Monoceros:alpha_Mon 7 41 15 -9 -33 -4 3.94 0:zeta_Mon 8 8 36 -2 -59 -2 4.36 1:delta_Mon 7 11 52 0 -29 -34 4.15 2:beta_Mon 6 28 49 -7 -1 -59 4.60 3:gamma_Mon 6 14 51 -6 -16 -29 3.99 4:seventeen_Mon 6 47 20 8 2 14 4.77 5:epsilon_Mon 6 23 46 4 35 34 4.39 6:thirteen_Mon 6 32 54 7 19 59 4.47 7:S_Mon 6 40 59 9 53 45 4.66 8:0-1,1-2,2-3,3-4,2-5,5-6,5-7,6-7,7-8
Musca:lambda_Mus 11 45 37 -66 -43 -44 3.68 0:epsilon_Mus 12 17 35 -67 -57 -38 4.06 1:alpha_Mus 12 37 11 -69 -8 -8 2.69 2:beta_Mus 12 46 17 -68 -6 -29 3.04 3:delta_Mus 13 2 16 -71 -32 -56 3.61 4:gamma_Mus 12 32 28 -72 -7 -59 3.84 5:0-1,1-2,2-3,3-4,4-5,5-2
Norma:eta_Nor 16 3 13 -49 -13 -47 4.65 0:delta_Nor 16 6 29 -45 -10 -24 4.73 1:epsilon_Nor 16 27 11 -47 -33 -17 4.46 2:gamma2_Nor 16 19 51 -50 -9 -19 4.01 3:0-1,1-2,2-3,3-0
Octans:nu_Oct 21 41 28 -77 -23 -22 3.73 0:beta_Oct 22 46 4 -81 -22 -54 4.13 1:delta_Oct 14 26 56 -83 -40 -4 4.31 2:0-1,1-2,2-0
Ophiuchus:fiftyone_Oph 17 31 25 -23 -57 -45 4.78 0:xi_Oph 17 21 0 -21 -6 -45 4.39 1:eta_Oph 17 10 23 -15 -43 -31 2.43 2:zeta_Oph 16 37 10 -10 -34 -2 2.54 3:upsilon_Oph 16 23 48 -8 -22 -18 4.62 4:epsilon_Oph 16 18 19 -4 -41 -33 3.23 5:delta_Oph 16 14 21 -3 -41 -38 2.73 6:kappa_Oph 16 57 40 9 22 30 3.19 7:alpha_Oph 17 34 56 12 33 38 2.08 8:beta_Oph 17 43 28 4 34 1 2.76 9:gamma_Oph 17 47 54 2 42 27 3.75 10:nu_Oph 17 59 2 -9 -46 -24 3.32 11:0-1,1-2,2-3,3-4,4-5,5-6,6-7,7-8,8-9,9-10,9-2,10-11
Orion:Betelgeuse 5 55 10 7 24 25 0.42 0:Rigel 5 14 32 -8 -12 -6 0.12 5:gamma_Ori 5 25 8 6 20 59 1.64 4:delta_Ori 5 32 0 0 -17 -57 2.23 3:epsilon_Ori 5 36 13 -1 -12 -7 1.7 2:zeta_Ori 5 40 46 -1 -56 -34 2 1:kappa_Ori 5 47 45 -9 -40 -11 2.09 6:lambda_Ori 5 35 8 9 56 3 3.54 7:0-1,1-2,2-3,3-4,3-5,1-6,0-7,4-7
Pavo:alpha_Pav 20 25 89 -56 -44 -6 1.94 0:beta_Pav 20 44 58 -66 -12 -12 3.42 1:delta_Pav 20 8 42 -66 -10 -46 3.55 2:lambda_Pav 18 52 13 -62 -11 -15 4.22 3:eta_Pav 17 45 44 -64 -43 -25 3.61 4:zeta_Pav 18 43 2 -71 -25 -40 4.01 5:epsilon_Pav 20 0 35 -72 -54 -37 3.97 6:0-1,1-2,2-3,3-4,4-5,5-6,6-1
Pegasus:gamma_Peg 0 13 14 15 11 1 2.83 0:alpha_And 0 8 23 29 5 26 2.22 1:beta_Peg 23 3 46 28 4 57 2.44 2:alpha_Peg 23 4 46 15 12 19 2.49 3:xi_Peg 22 46 41 12 10 27 4.20 4:zeta_Peg 22 41 28 10 49 53 3.41 5:theta_Peg 22 10 12 6 11 52 3.52 6:epsilon_Peg 21 44 11 9 52 30 2.38 7:mu_Peg 22 50 0 24 36 6 3.51 8:lambda_Peg 22 46 32 23 33 56 3.97 9:iota_Peg 22 7 0 25 20 42 3.77 10:kappa_Peg 21 44 39 25 38 42 4.14 11:eta_Peg 22 43 0 30 13 17 2.93 12:pi_Peg 22 9 59 33 10 42 4.28 13:0-1,1-2,2-3,3-0,3-4,4-5,5-6,6-7,2-8,8-9,9-10,10-11,2-12,12-13
Perseus:zeta_Per 3 54 8 31 53 1 2.84 0:epsilon_Per 3 57 51 40 0 37 2.90 1:delta_Per 3 42 55 47 47 16 3.01 2:Mirfak 3 24 19 49 51 41 1.79 3:Algol 3 8 10 40 57 20 2.09 4:gamma_Per 3 4 48 53 30 23 2.91 5:0-1,1-2,2-3,3-4,3-5
Phoenix:delta_Phe 1 31 15 -49 -4 -23 3.93 0:gamma_Phe 1 28 22 -43 -19 -4 3.41 1:beta_Phe 1 6 5 -46 -43 -7 3.32 2:zeta_Phe 1 8 23 -55 -14 -45 3.94 3:eta_Phe 0 43 21 -57 -27 -47 4.36 4:epsilon_Phe 0 9 25 -45 -44 -49 3.88 5:alpha_Phe 0 26 17 -42 -18 -18 2.40 6:iota_Phe 23 35 5 -42 -36 -54 4.69 7:sigma_Phe 1 31 15 -49 -4 -23 3.93 8:pi_Phe 23 58 56 -52 -44 -45 5.13 9:0-1,1-2,2-3,3-4,4-5,5-6,6-2,5-7,7-8,8-9
Pictor:alpha_Pic 6 48 12 -61 -56 -31 3.24 0:gamma_Pic 5 49 50 -56 -9 -59 4.50 1:beta_Pic 5 47 17 -51 -4 0 3.85 2:0-1,1-2
Pisces:tau_Psc 1 11 40 30 5 23 4.51 0:upsilon_Psc 1 19 28 27 15 51 4.74 1:phi_Psc 1 13 45 24 35 2 4.67 2:eta_Psc 1 31 29 15 20 45 3.62 3:omicron_Psc 1 45 24 9 9 28 4.26 4:alpha_Psc 2 2 3 2 45 50 4.33 5:nu_Psc 1 41 26 5 29 15 4.45 6:epsilon_Psc 1 2 57 7 53 24 4.27 7:delta_Psc 0 48 41 7 35 7 4.44 8:omega_Psc 23 59 19 6 51 49 4.03 9:iota_Psc 23 39 57 5 37 39 4.13 10:theta_Psc 23 27 58 6 22 45 4.27 11:gamma_Psc 23 17 9 3 16 56 3.70 12:kappa_Psc 23 26 56 1 15 21 4.95 13:lambda_Psc 23 42 3 1 46 50 4.49 14:0-1,1-2,0-2,2-3,3-4,4-5,5-6,6-7,7-8,8-9,9-10,10-11,11-12,12-13,13-14,14-10
Piscis Austrinus:Fomalhaut 22 57 39 -29 -37 -19 1.17 0:epsilon_PsA 22 40 39 -27 -2 -37 4.18 1:iota_PsA 21 44 57 -33 -1 -32 4.35 2:mu_PsA 22 8 23 -32 -59 -18 4.50 3:beta_PsA 22 31 30 -32 -20 -46 4.29 4:gamma_PsA 22 52 32 -32 -52 -32 4.46 5:delta_PsA 22 55 57 -32 -32 -23 4.20 6:0-1,1-2,2-3,3-4,4-5,5-6,6-0
Puppis:rho_Pup 8 7 33 -24 -18 -16 2.83 0:eleven_Pup 7 56 52 -22 -52 -49 4.20 1:xi_Pup 7 49 18 -24 -51 -35 3.34 2:hd63922 7 49 14 -46 -22 -24 4.10 3:pi_Pup 7 17 9 -37 -5 -51 2.71 4:nu_Pup 6 37 46 -43 -11 -45 3.17 5:tau_Pup 6 49 56 -50 -36 -52 2.94 6:sigma_Pup 7 29 14 -43 -18 -7 3.25 7:zeta_Pup 8 3 35 -40 0 -12 2.21 8:0-1,1-2,2-3,3-4,4-5,5-6,6-7,7-8,8-4
Pyxis:beta_Pyx 8 40 6 -35 -18 -30 3.97 0:alpha_Pyx 8 43 36 -33 -11 -11 3.68 1:gamma_Pyx 8 50 32 -27 -42 -36 4.02 2:0-1,1-2
Reticulum:alpha_Ret 4 14 25 -62 -28 -26 3.33 0:beta_Ret 3 44 12 -64 -48 -26 3.84 1:delta_Ret 3 58 45 -61 -24 -1 4.56 2:epsilon_Ret 4 16 29 -59 -18 -6 4.44 3:0-1,1-2,2-3,3-0
Sagitta:alpha_Sge 19 40 6 18 0 50 4.39 0:beta_Sge 19 41 3 17 28 34 4.39 1:delta_Sge 19 47 23 18 32 3 3.68 2:gamma_Sge 19 58 45 19 29 32 3.51 3:0-2,1-2,2-3
Sagittarius:alpha_Sgr 19 23 53 -40 -36 -56 3.96 0:beta_Sgr 19 22 38 -44 -27 -32 3.96 1:iota_Sgr 19 55 16 -41 -52 -6 4.12 2:theta_Sgr 19 59 44 -35 -16 -35 4.37 3:sixtwo_Sgr 20 2 39 -27 -42 -36 4.43 4:fivetwo_Sgr 19 36 42 -24 -53 -1 4.59 5:tau_Sgr 19 6 56 -27 -40 -11 3.32 6:zeta_Sgr 19 2 37 -29 -52 -48 2.60 7:phi_Sgr 18 45 39 -26 -59 -27 3.17 8:sigma_Sgr 18 55 16 -26 -17 -48 2.05 9:omicron_Sgr 19 4 41 -21 -44 29 3.76 10:rho_Sgr 19 21 40 -17 -50 -50 3.92 11:delta_Sgr 18 20 60 -29 -49 -41 2.72 12:epsilon_Sgr 18 24 10 -34 -23 -4 1.79 13:eta_Sgr 18 17 38 -36 -45 -41 3.10 14:gamma_Sgr 18 5 49 -30 -25 -25 2.98 15:lambda_Sgr 18 27 58 -25 -25 -17 2.82 16:xi_Sgr 18 57 44 -21 -6 -24 3.52 17:0-2,1-2,2-3,3-4,4-5,5-6,6-7,7-8,8-9,9-6,9-10,10-11,8-12,12-13,13-14,12-15,12-16,16-17
Scorpius:lambda_Sco 17 33 37 -37 -6 -14 1.62 0:kappa_Sco 17 42 29 -39 -1 -48 2.39 1:iota_Sco 17 47 35 -40 -7 -37 2.99 2:theta_Sco 17 37 19 -42 -59 -52 1.86 3:eta_Sco 17 12 9 -43 -14 -19 3.32 4:zeta_Sco 16 54 35 -42 -21 -39 3.62 5:mu_Sco 16 51 52 -38 -2 -50 3.00 6:epsilon_Sco 16 50 10 -34 -17 -33 2.29 7:tau_Sco 16 35 53 -28 -12 -58 2.82 8:Antares 16 29 24 -26 -25 -55 1.06 9:sigma_Sco 16 21 11 -25 -35 -34 2.90 10:beta_Sco 16 5 26 -19 -48 -19 2.56 11:delta_Sco 16 0 20 -22 -37 -18 2.29 12:pi_Sco 15 58 51 -26 -6 -51 2.89 13:0-1,1-2,2-3,3-4,4-5,5-6,6-7,7-8,8-9,9-10,10-11,10-12,10-13
Sculptor:alpha_Scl 0 58 36 -29 -21 -27 4.30 0:delta_Scl 23 48 55 -28 -7 -48 4.59 1:gamma_Scl 23 18 49 -32 -31 -55 4.41 2:beta_Scl 23 32 58 -37 -49 -6 4.38 3:0-1,1-2,2-3
Scutum:alpha_Sct 18 35 12 -8 -14 -36 3.85 0:beta_Sct 18 47 10 -4 -44 -52 4.22 1:epsilon_Sct 18 43 31 -8 -16 -31 4.88 2:delta_Sct 18 42 16 -9 -3 -9 4.70 3:gamma_Sct 18 29 12 -14 -33 -57 4.67 4:0-1,1-2,2-3,3-4,4-0
Serpens Caput:mu_Ser 15 49 37 -3 -25 -49 3.54 0:epsilon_Ser 15 50 49 4 28 39 3.71 1:alpha_Ser 15 44 16 6 25 32 2.63 2:delta_Ser 15 34 48 10 32 20 3.80 3:beta_Ser 15 46 11 15 25 19 3.65 4:gamma_Ser 15 56 27 15 39 53 3.85 5:iota_Ser 15 41 33 19 40 14 4.51 6:0-1,1-2,2-3,3-4,4-5,5-6,6-4
Serpens Cauda:xi_Ser 17 37 35 -15 -23 -54 3.54 0:eta_Ser 18 21 19 -2 -53 -50 3.23 1:theta_Ser 18 56 13 4 12 13 4.62 2:0-1,1-2
Sextans:gamma_Sex 9 52 30 -8 -6 -18 5.07 0:alpha_Sex 10 7 56 0 -22 -18 4.48 1:beta_Sex 10 30 18 0 -38 -13 5.08 2:delta_Sex 10 29 29 -2 -44 -21 5.19 3:0-1,1-2,2-3
Taurus:xi_Tau 3 27 10 9 43 58 3.73 0:lambda_Tau 4 0 41 12 29 25 3.41 1:gamma_Tau 4 19 48 15 37 40 3.65 2:Aldebaran 4 35 55 16 30 35 0.87 3:zeta_Tau 5 37 39 21 8 33 2.97 4:delta_Tau 4 22 56 17 32 33 3.77 5:epsilon_Tau 4 28 37 19 10 50 3.53 6:Elnath 5 26 18 28 36 28 1.65 7:0-1,1-2,2-3,3-4,2-5,5-6,6-7
Telescopium:alpha_Tel 18 26 58 -45 -58 -6 3.49 0:zeta_Tel 18 28 50 -49 -4 -12 4.10 1:0-1
Triangulum:alpha_Tri 1 53 5 29 34 46 3.42 0:beta_Tri 2 9 33 34 59 15 3.00 1:gamma_Tri 2 17 19 33 50 50 4.03 2:0-1,1-2,2-0
Triangulum Australe:alpha_TrA 16 48 40 -69 -1 -40 1.91 0:beta_TrA 15 55 9 -63 -25 -47 2.83 1:epsilon_TrA 15 36 43 -6 -19 -1 4.11 2:gamma_TrA 15 18 55 -68 -40 -46 2.87 3:0-1,1-2,2-3,3-0
Tucana:delta_Tuc 22 27 20 -64 -57 -59 4.51 0:alpha_Tuc 22 18 30 -60 -15 -34 2.87 1:gamma_Tuc 23 17 26 -58 -14 -10 3.99 2:beta_Tuc 0 31 33 -62 -57 -29 4.36 3:zeta_Tuc 0 20 2 -64 -52 -39 4.23 4:epsilon_Tuc 23 59 55 -65 -34 -38 4.49 5:0-1,1-2,2-3,3-4,4-5,5-2
Ursa Minor:Polaris 2 31 47 89 15 51 1.97 0:beta_UMi 14 50 42 74 09 20 2.07 4:gamma_UMi 15 20 44 71 50 2 3 5:epsilon_UMi 16 45 58 82 2 14 4.21 2:eta_UMi 16 17 30 75 45 19 4.95 6:zeta_UMi 15 44 3 77 47 40 4.29 3:delta_UMi 17 32 13 86 35 11 4.35 1:0-1,1-2,2-3,3-4,4-5,5-6,6-3
Ursa Major:alpha_UMa 11 3 44 61 45 4 1.79 6:beta_UMa 11 1 50 56 22 57 2.37 5:gamma_UMa 11 53 50 53 41 41 2.44 4:delta_UMa 12 15 26 57 1 57 3.31 3:epsilon_UMa 12 54 2 55 57 35 1.77 2:zeta_UMa 13 23 56 54 55 31 2.23 1:eta_UMa 13 47 32 49 18 48 1.84 0:0-1,1-2,2-3,3-4,4-5,5-6,6-3
Vela:lambda_Vel 9 7 60 -43 -25 -57 2.23 0:gamma_Vel 8 9 32 -47 -20 -12 1.75 1:delta_Vel 8 44 42 -54 -42 -31 1.93 2:kappa_Vel 9 22 7 -55 0 -39 2.47 3:0-1,0-2,0-3,1-2,2-3
Virgo:mu_Vir 14 43 4 -5 -39 -27 3.87 0:iota_Vir 14 16 1 -5 -59 -58 4.07 1:zeta_Vir 13 34 42 0 -35 -45 3.38 2:tau_Vir 14 1 39 1 32 41 4.23 3:onezeronine_Vir 14 46 15 1 53 35 3.73 4:Porrima 12 41 40 -1 -26 -58 2.74 5:theta_Vir 13 9 57 -5 -32 -20 4.38 6:Spica 13 25 12 -11 -9 -41 0.98 7:delta_Vir 12 55 36 3 23 51 3.39 8:epsilon_Vir 13 2 11 10 57 33 2.85 9:eta_Vir 12 19 54 0 -40 0 3.89 10:beta_Vir 11 50 41 1 45 55 3.59 11:nu_Vir 11 45 52 6 31 47 4.04 12:omicron_Vir 12 5 13 8 43 58 4.12 13:0-1,1-2,2-3,3-4,2-5,5-6,6-7,5-8,8-9,5-10,10-11,11-12,12-13,13-10
Volans:epsilon_Vol 8 7 56 -68 -37 -2 4.35 0:delta_Vol 7 16 50 -67 -57 -26 3.97 1:gamma_Vol 7 8 45 -70 -29 -57 3.78 2:theta_Vol 8 39 5 -70 -23 -12 5.19 3:alpha_Vol 9 2 27 -66 -23 -45 4.00 4:beta_Vol 8 25 44 -66 -8 -12 3.77 5:0-1,0-2,0-3,0-4,0-5,1-2,4-5
Vulpecula:alpha_Vul 19 28 42 24 39 55 4.44 0:twothree_Vul 20 15 46 27 48 51 4.50 3:onethree_Vul 19 53 28 24 4 46 4.57 1:onefive_Vul 20 1 6 27 45 13 4.66 2:0-1,1-2,2-3